6.395000000000000684e-02
4.993333333333280222e-02
4.275000000000000328e-02
3.821999999999949049e-02
3.523333333333351913e-02
3.321428571428591825e-02
3.166250000000000314e-02
3.037777777777764254e-02
2.929999999999989210e-02
2.849090909090912921e-02
2.778333333333354860e-02
2.719230769230740821e-02
2.670714285714324496e-02
2.624666666666646692e-02
2.584375000000000214e-02
2.550000000000025163e-02
2.518333333333294677e-02
2.492105263157908673e-02
2.470000000000032239e-02
2.448095238095211387e-02
2.426818181818141823e-02
2.409130434782591479e-02
2.391249999999977421e-02
2.375199999999986697e-02
2.360000000000019027e-02
2.345185185185195281e-02
2.332142857142844444e-02
2.321034482758630585e-02
2.308666666666653669e-02
2.297419354838700981e-02
2.286875000000000019e-02
2.278181818181826412e-02
2.270588235294133256e-02
2.262571428571458210e-02
2.256388888888851210e-02
2.249189189189216079e-02
2.242105263157853287e-02
2.235897435897419433e-02
2.229750000000030319e-02
2.223414634146376676e-02
2.218333333333306553e-02
2.212558139534854390e-02
2.208636363636374417e-02
2.203333333333312369e-02
2.198478260869552933e-02
2.194042553191534808e-02
2.189166666666688896e-02
2.185510204081606359e-02
2.182600000000029308e-02
2.178823529411798646e-02
2.177307692307715870e-02
2.175660377358528547e-02
2.172037037036992149e-02
2.168909090909124440e-02
2.165714285714263887e-02
2.161578947368425832e-02
2.157413793103469049e-02
2.154576271186405684e-02
2.151166666666708485e-02
2.148032786885275755e-02
2.145645161290368058e-02
2.142063492063475683e-02
2.138906250000000009e-02
2.135230769230798617e-02
2.131666666666620982e-02
2.128208955223898427e-02
2.125441176470546298e-02
2.121884057971007084e-02
2.118714285714268231e-02
2.115774647887290819e-02
2.112777777777750943e-02
2.109726027397256301e-02
2.107297297297314881e-02
2.104133333333299202e-02
2.101184210526322108e-02
2.097402597402631477e-02
2.093589743589778854e-02
2.089493670886104909e-02
2.084999999999972986e-02
2.081234567901260601e-02
2.077926829268268369e-02
2.075180722891596316e-02
2.072142857142835262e-02
2.069529411764686050e-02
2.066046511627884011e-02
2.062988505747160792e-02
2.060227272727240683e-02
2.057865168539319001e-02
2.055555555555576078e-02
2.053076923076952234e-02
2.049782608695697311e-02
2.047311827956964370e-02
2.045106382978718884e-02
2.042736842105239217e-02
2.040416666666644563e-02
2.038453608247453239e-02
2.036530612244877997e-02
2.035050505050508760e-02
2.033599999999983338e-02
2.031287128712842144e-02
2.029999999999982166e-02
2.028640776699058498e-02
2.027307692307711573e-02
2.026380952380983647e-02
2.025660377358519393e-02
2.024859813084107368e-02
2.024166666666670639e-02
2.023211009174328764e-02
2.022636363636349729e-02
2.022252252252275395e-02
2.021517857142891145e-02
2.020707964601787046e-02
2.020175438596442594e-02
2.019043478260865165e-02
2.018103448275877787e-02
2.016752136752118438e-02
2.016016949152565560e-02
2.015294117647038058e-02
2.014583333333327259e-02
2.013719008264428997e-02
2.012622950819643527e-02
2.011626016260158883e-02
2.010725806451610712e-02
2.009920000000025436e-02
2.008809523809506475e-02
2.008267716535416109e-02
2.007890625000000040e-02
2.007054263565872382e-02
2.006461538461557642e-02
2.005954198473329161e-02
2.005454545454499193e-02
2.005037593984988764e-02
2.004179104477576273e-02
2.003407407407441915e-02
2.002499999999955704e-02
2.001824817518232935e-02
2.000942028985503579e-02
2.000431654676233101e-02
1.999785714285739341e-02
1.999078014184449414e-02
1.998802816901372112e-02
1.997972027972073558e-02
1.997152777777811902e-02
1.996344827586226181e-02
1.995616438356214231e-02
1.994693877551002512e-02
1.993783783783743824e-02
1.992953020134200295e-02
1.992066666666628474e-02
1.990927152317877383e-02
1.989802631578915793e-02
1.988888888888922651e-02
1.988181818181858351e-02
1.987161290322545654e-02
1.986282051282041092e-02
1.985159235668820799e-02
1.984303797468325511e-02
1.983459119496854689e-02
1.982124999999968287e-02
1.980993788819842769e-02
1.979629629629658244e-02
1.978466257668756723e-02
1.977134146341430476e-02
1.975757575757543585e-02
1.974337349397616362e-02
1.973473053892197543e-02
1.972619047619032437e-02
1.971715976331310169e-02
1.970764705882322929e-02
1.970175438596495632e-02
1.969534883720914370e-02
1.968786127167656066e-02
1.967988505747115396e-02
1.967199999999980423e-02
1.966477272727242334e-02
1.965875706214691154e-02
1.964999999999995917e-02
1.964525139664769285e-02
1.963888888888916731e-02
1.963370165745885465e-02
1.962472527472559902e-02
1.961693989071031444e-02
1.961249999999998064e-02
1.960864864864910254e-02
1.960376344085993858e-02
1.960053475935800982e-02
1.959574468085090171e-02
1.959259259259273078e-02
1.958684210526333638e-02
1.958272251308931788e-02
1.957656250000021358e-02
1.956994818652815077e-02
1.956288659793835663e-02
1.955692307692337081e-02
1.955102040816311670e-02
1.954517766497426354e-02
1.954343434343383534e-02
1.953969849246266557e-02
1.953899999999969550e-02
1.953532338308474475e-02
1.953267326732687284e-02
1.952955665024581899e-02
1.952696078431345045e-02
1.952341463414605793e-02
1.952184466019402098e-02
1.952077294685965539e-02
1.951778846153807978e-02
1.951244019138759569e-02
1.950952380952349421e-02
1.950236966824624510e-02
1.949811320754737953e-02
1.949342723004651723e-02
1.948831775700916522e-02
1.948139534883753035e-02
1.947407407407373073e-02
1.946682027649765390e-02
1.946100917431167407e-02
1.945616438356141675e-02
1.945136363636340571e-02
1.944298642533921415e-02
1.943468468468453197e-02
1.942735426008944388e-02
1.941874999999992218e-02
1.940888888888846892e-02
1.940000000000013589e-02
1.938766519823838588e-02
1.937631578947320715e-02
1.936331877729226617e-02
1.934956521739126037e-02
1.933549783549809095e-02
1.932198275862081691e-02
1.930600858369096312e-02
1.929358974358946419e-02
1.928297872340453689e-02
1.927161016949138425e-02
1.925991561181456327e-02
1.925042016806756406e-02
1.924142259414212547e-02
1.923249999999980531e-02
1.922365145228252178e-02
1.921487603305746875e-02
1.920823045267522691e-02
1.920000000000011281e-02
1.919102040816282606e-02
1.918333333333314961e-02
1.917489878542488410e-02
1.916733870967723616e-02
1.916024096385563272e-02
1.915079999999983254e-02
1.914143426294794698e-02
1.913452380952368123e-02
1.912569169960474241e-02
1.911574803149593965e-02
1.910627450980369180e-02
1.909843750000000256e-02
1.908988326848285594e-02
1.907984496124018325e-02
1.907181467181477338e-02
1.906423076923089571e-02
1.905670498084314698e-02
1.904923664122142035e-02
1.904106463878310618e-02
1.903030303030264075e-02
1.902150943396257662e-02
1.901278195488746367e-02
1.900524344569283486e-02
1.899589552238811069e-02
1.898698884758355174e-02
1.897851851851882141e-02
1.896974169741667132e-02
1.895882352941138937e-02
1.894981684981721787e-02
1.894124087591282299e-02
1.893418181818147181e-02
1.892608695652221729e-02
1.892057761732810622e-02
1.891438848920839674e-02
1.890573476702476705e-02
1.889714285714308786e-02
1.888967971530223708e-02
1.888262411347563230e-02
1.887314487632514928e-02
1.886443661971851787e-02
1.886070175438626928e-02
1.885209790209827624e-02
1.884181184669024914e-02
1.883090277777814403e-02
1.881937716262969268e-02
1.881034482758632900e-02
1.880034364261196425e-02
1.879178082191829136e-02
1.878327645051225750e-02
1.877312925170055227e-02
1.876372881355886646e-02
1.875337837837836100e-02
1.874444444444447327e-02
1.873523489932855945e-02
1.872876254180623826e-02
1.871999999999968828e-02
1.871196013289024018e-02
